0,440
0,439
0,438
0,437
0,436
0,435
0,434
50,4
50,3
50,2
50,1
50,0
49,3
49,2
49,1
49,0
48,4
48,3
48,2
48,1
48,0
47,3
47,2
47,1
47,0
40,4
40,3
40,2
40,1
40,0
39,3
39,2
39,1
39,0
38,4
38,3
38,2
38,1
38,0
37,3
37,2
37,1
37,0
26,0
27,0
36,3
36,2
36,1
36,0
0,278
24,2
24,0
28,52
28,51
28,50
28,49
28,48
28,47
28,46
28,45
28,44
28,43
28,42
28,41
28,40
28,39
28,38
28,37
28,36
28,35
3,1
3,3
10,274
10,302
10,314
10,266
10,285
10,130
10,279
11,5
11,16
11,15
9,7
8,14
8,18
8,11
8,16
8,15
8,5
27,4
27,3
27,2
27,1
26,3
26,2
26,1
24,3
24,1
